                  BEFORE EXECUTION         AFTER EXECUTION
 PC    IR   BR    TOS  S[TOS] EA    EA_val TOS  S[TOS] EA    EA_val
(Hex) (Hex)(Hex) (Hex) (Hex)  (Hex) (Hex) (Hex) (Hex)  (Hex) (Hex)  
02    0013   00   00                        00                    
02    0013   00   00                        01    0001            
03    dc30   00   01   0001    50    0000   00          50    0000
04    d830   00   00           50    0001   01    0001  50    0001
05    dc31   00   01   0001    51    0000   00          51    0000
06    d831   00   00           51    0001   01    0001  51    0001
07    dc35   00   01   0001    55    0000   00          55    0000
08    d830   00   00           50    0001   01    0001  50    0001
09    b022   00   01   0001    a2    0000   02    0001  a2    0000
0a    c41c   00   02   0001    fc    dc35   01    0001  fc    dc35
0b    a429   00   01   0001    29    000a   01    0001  29    000a
0c    dc32   00   01   0001    52    0000   00          52    0000
0d    d832   00   00           52    0001   01    0001  52    0001
0e    d832   00   01   0001    52    0001   02    0001  52    0001
0f    0007   00   02   0001                 02    0001            
0f    0007   00   02   0001                 01    0001            
10    d832   00   01   0001    52    0001   02    0001  52    0001
11    0007   00   02   0001                 02    0001            
11    0007   00   02   0001                 01    0001            
12    9423   00   01   0001    a3    0000   01    0001  a3    0000
13    dc23   00   01   0001    a3    0000   00          a3    0000
14    d830   00   00           50    0001   01    0001  50    0001
15    a029   00   01   0001    29    000a   01    0000  29    000a
16    dc30   00   01   0000    50    0001   00          50    0001
17    c807   00   00           57    dc35   01    0018  57    dc35
07    dc35   00   01   0018    8d    0000   00          8d    0000
09    0001   00   00                        00                    
09    0001   00   00                        00                    
